language Essence 1.3

letting LuigiHouse be 19
letting MarioHouse be 17
letting conso be
        [[0, 33, 193, 195, 119, 68, 83, 70, 117, 126, 124, 23, 76, 22, 11, 33, 165, 56, 39, 64, 171, 61, 65, 132, 76,
          27, 57, 94, 28, 98, 24, 71, 2, 88, 43, 116, 104, 177, 154, 92, 173, 72;
              int(1..42)],
         [33, 0, 168, 127, 42, 10, 8, 20, 24, 47, 156, 149, 74, 16, 152, 129, 90, 188, 194, 120, 140, 95, 129, 6, 17,
          48, 97, 154, 51, 56, 87, 159, 153, 185, 94, 136, 86, 171, 108, 141, 55, 177;
              int(1..42)],
         [193, 168, 0, 104, 1, 30, 9, 119, 71, 27, 62, 174, 112, 144, 151, 49, 91, 182, 193, 187, 142, 62, 28, 104, 82,
          152, 178, 43, 37, 56, 65, 1, 27, 26, 20, 21, 90, 171, 192, 172, 150, 155;
              int(1..42)],
         [195, 127, 104, 0, 5, 113, 54, 11, 60, 173, 168, 89, 34, 179, 51, 124, 104, 0, 188, 185, 146, 99, 81, 65, 109,
          74, 178, 19, 16, 135, 58, 80, 84, 35, 114, 129, 178, 31, 158, 38, 49, 128;
              int(1..42)],
         [119, 42, 1, 5, 0, 41, 195, 163, 187, 165, 130, 76, 63, 82, 69, 84, 44, 91, 194, 84, 32, 142, 43, 28, 188, 92,
          30, 24, 60, 167, 16, 100, 125, 108, 198, 171, 105, 136, 121, 41, 169, 100;
              int(1..42)],
         [68, 10, 30, 113, 41, 0, 77, 38, 106, 107, 49, 98, 177, 165, 74, 178, 18, 94, 55, 168, 18, 72, 111, 60, 120,
          165, 45, 136, 198, 33, 21, 154, 9, 175, 140, 143, 175, 115, 69, 143, 66, 34;
              int(1..42)],
         [83, 8, 9, 54, 195, 77, 0, 184, 138, 174, 177, 119, 27, 122, 89, 14, 17, 69, 86, 161, 10, 171, 127, 170, 160,
          6, 122, 196, 198, 4, 131, 164, 155, 62, 94, 135, 173, 127, 104, 23, 149, 153;
              int(1..42)],
         [70, 20, 119, 11, 163, 38, 184, 0, 126, 177, 63, 91, 157, 169, 93, 152, 94, 174, 2, 96, 114, 105, 8, 43, 71,
          19, 63, 117, 102, 141, 48, 152, 79, 31, 71, 147, 130, 154, 129, 39, 72, 141;
              int(1..42)],
         [117, 24, 71, 60, 187, 106, 138, 126, 0, 183, 117, 110, 126, 115, 191, 74, 31, 93, 18, 100, 87, 45, 149, 19,
          39, 130, 173, 110, 166, 195, 135, 9, 184, 138, 187, 25, 13, 11, 68, 113, 117, 4;
              int(1..42)],
         [126, 47, 27, 173, 165, 107, 174, 177, 183, 0, 155, 55, 194, 150, 59, 152, 30, 61, 5, 54, 97, 67, 65, 45, 0,
          115, 133, 85, 191, 87, 138, 43, 93, 191, 76, 24, 34, 152, 47, 44, 137, 197;
              int(1..42)],
         [124, 156, 62, 168, 130, 49, 177, 63, 117, 155, 0, 90, 165, 30, 9, 41, 52, 90, 125, 126, 114, 36, 63, 134, 141,
          71, 168, 31, 188, 19, 28, 14, 133, 174, 182, 48, 193, 123, 57, 105, 1, 194;
              int(1..42)],
         [23, 149, 174, 89, 76, 98, 119, 91, 110, 55, 90, 0, 27, 187, 24, 113, 57, 128, 175, 44, 38, 48, 56, 118, 84,
          12, 64, 6, 8, 123, 143, 181, 32, 187, 1, 28, 19, 162, 35, 123, 120, 171;
              int(1..42)],
         [76, 74, 112, 34, 63, 177, 27, 157, 126, 194, 165, 27, 0, 116, 111, 128, 6, 92, 167, 89, 48, 166, 194, 103, 75,
          26, 91, 57, 97, 31, 191, 165, 63, 165, 191, 22, 78, 135, 37, 3, 83, 0;
              int(1..42)],
         [22, 16, 144, 179, 82, 165, 122, 169, 115, 150, 30, 187, 116, 0, 142, 60, 137, 190, 165, 182, 181, 125, 125,
          19, 22, 166, 100, 60, 190, 83, 133, 50, 167, 44, 76, 41, 166, 10, 38, 54, 170, 87;
              int(1..42)],
         [11, 152, 151, 51, 69, 74, 89, 93, 191, 59, 9, 24, 111, 142, 0, 83, 95, 80, 55, 5, 140, 120, 88, 166, 111, 38,
          33, 187, 17, 89, 125, 84, 186, 155, 165, 157, 119, 27, 67, 179, 4, 71;
              int(1..42)],
         [33, 129, 49, 124, 84, 178, 14, 152, 74, 152, 41, 113, 128, 60, 83, 0, 17, 136, 6, 90, 6, 121, 144, 150, 191,
          0, 96, 139, 7, 109, 52, 15, 10, 42, 139, 143, 185, 151, 12, 18, 43, 163;
              int(1..42)],
         [165, 90, 91, 104, 44, 18, 17, 94, 31, 30, 52, 57, 6, 137, 95, 17, 0, 101, 13, 125, 60, 75, 116, 131, 7, 76,
          166, 159, 132, 86, 48, 16, 154, 27, 74, 72, 42, 198, 152, 57, 171, 28;
              int(1..42)],
         [56, 188, 182, 0, 91, 94, 69, 174, 93, 61, 90, 128, 92, 190, 80, 136, 101, 0, 137, 105, 31, 113, 142, 35, 87,
          126, 55, 61, 4, 96, 187, 183, 108, 41, 40, 16, 113, 148, 192, 81, 121, 107;
              int(1..42)],
         [39, 194, 193, 188, 194, 55, 86, 2, 18, 5, 125, 175, 167, 165, 55, 6, 13, 137, 0, 18, 76, 124, 157, 88, 92,
          115, 135, 5, 51, 108, 107, 64, 136, 9, 27, 53, 157, 193, 95, 125, 50, 177;
              int(1..42)],
         [64, 120, 187, 185, 84, 168, 161, 96, 100, 54, 126, 44, 89, 182, 5, 90, 125, 105, 18, 0, 32, 130, 160, 2, 185,
          89, 139, 47, 111, 67, 64, 160, 3, 14, 22, 16, 171, 141, 37, 16, 137, 138;
              int(1..42)],
         [171, 140, 142, 146, 32, 18, 10, 114, 87, 97, 114, 38, 48, 181, 140, 6, 60, 31, 76, 32, 0, 85, 193, 9, 151,
          193, 169, 101, 146, 67, 144, 62, 69, 135, 44, 154, 100, 33, 100, 99, 39, 44;
              int(1..42)],
         [61, 95, 62, 99, 142, 72, 171, 105, 45, 67, 36, 48, 166, 125, 120, 121, 75, 113, 124, 130, 85, 0, 188, 104,
          126, 154, 81, 68, 120, 156, 164, 161, 87, 97, 36, 173, 126, 9, 143, 144, 72, 87;
              int(1..42)],
         [65, 129, 28, 81, 43, 111, 127, 8, 149, 65, 63, 56, 194, 125, 88, 144, 116, 142, 157, 160, 193, 188, 0, 10, 60,
          58, 120, 169, 112, 102, 99, 120, 167, 103, 89, 36, 112, 98, 168, 7, 95, 191;
              int(1..42)],
         [132, 6, 104, 65, 28, 60, 170, 43, 19, 45, 134, 118, 103, 19, 166, 150, 131, 35, 88, 2, 9, 104, 10, 0, 76, 79,
          135, 10, 57, 65, 124, 158, 144, 187, 140, 118, 103, 123, 165, 163, 151, 88;
              int(1..42)],
         [76, 17, 82, 109, 188, 120, 160, 71, 39, 0, 141, 84, 75, 22, 111, 191, 7, 87, 92, 185, 151, 126, 60, 76, 0,
          101, 93, 114, 180, 170, 67, 104, 31, 78, 23, 171, 0, 52, 138, 145, 169, 197;
              int(1..42)],
         [27, 48, 152, 74, 92, 165, 6, 19, 130, 115, 71, 12, 26, 166, 38, 0, 76, 126, 115, 89, 193, 154, 58, 79, 101, 0,
          107, 35, 37, 79, 68, 173, 63, 174, 0, 42, 160, 187, 121, 97, 155, 73;
              int(1..42)],
         [57, 97, 178, 178, 30, 45, 122, 63, 173, 133, 168, 64, 91, 100, 33, 96, 166, 55, 135, 139, 169, 81, 120, 135,
          93, 107, 0, 49, 181, 131, 117, 94, 18, 73, 19, 32, 37, 94, 152, 89, 169, 163;
              int(1..42)],
         [94, 154, 43, 19, 24, 136, 196, 117, 110, 85, 31, 6, 57, 60, 187, 139, 159, 61, 5, 47, 101, 68, 169, 10, 114,
          35, 49, 0, 80, 78, 194, 45, 145, 182, 178, 63, 76, 50, 73, 107, 189, 143;
              int(1..42)],
         [28, 51, 37, 16, 60, 198, 198, 102, 166, 191, 188, 8, 97, 190, 17, 7, 132, 4, 51, 111, 146, 120, 112, 57, 180,
          37, 181, 80, 0, 163, 141, 33, 136, 60, 44, 168, 14, 58, 175, 149, 103, 95;
              int(1..42)],
         [98, 56, 56, 135, 167, 33, 4, 141, 195, 87, 19, 123, 31, 83, 89, 109, 86, 96, 108, 67, 67, 156, 102, 65, 170,
          79, 131, 78, 163, 0, 74, 45, 174, 63, 61, 22, 37, 30, 192, 66, 130, 68;
              int(1..42)],
         [24, 87, 65, 58, 16, 21, 131, 48, 135, 138, 28, 143, 191, 133, 125, 52, 48, 187, 107, 64, 144, 164, 99, 124,
          67, 68, 117, 194, 141, 74, 0, 134, 133, 49, 59, 77, 168, 19, 102, 176, 28, 145;
              int(1..42)],
         [71, 159, 1, 80, 100, 154, 164, 152, 9, 43, 14, 181, 165, 50, 84, 15, 16, 183, 64, 160, 62, 161, 120, 158, 104,
          173, 94, 45, 33, 45, 134, 0, 23, 69, 113, 17, 41, 195, 158, 94, 28, 1;
              int(1..42)],
         [2, 153, 27, 84, 125, 9, 155, 79, 184, 93, 133, 32, 63, 167, 186, 10, 154, 108, 136, 3, 69, 87, 167, 144, 31,
          63, 18, 145, 136, 174, 133, 23, 0, 94, 198, 72, 24, 29, 26, 22, 174, 40;
              int(1..42)],
         [88, 185, 26, 35, 108, 175, 62, 31, 138, 191, 174, 187, 165, 44, 155, 42, 27, 41, 9, 14, 135, 97, 103, 187, 78,
          174, 73, 182, 60, 63, 49, 69, 94, 0, 35, 25, 1, 193, 48, 148, 62, 186;
              int(1..42)],
         [43, 94, 20, 114, 198, 140, 94, 71, 187, 76, 182, 1, 191, 76, 165, 139, 74, 40, 27, 22, 44, 36, 89, 140, 23, 0,
          19, 178, 44, 61, 59, 113, 198, 35, 0, 28, 52, 135, 72, 144, 97, 35;
              int(1..42)],
         [116, 136, 21, 129, 171, 143, 135, 147, 25, 24, 48, 28, 22, 41, 157, 143, 72, 16, 53, 16, 154, 173, 36, 118,
          171, 42, 32, 63, 168, 22, 77, 17, 72, 25, 28, 0, 87, 178, 140, 56, 158, 141;
              int(1..42)],
         [104, 86, 90, 178, 105, 175, 173, 130, 13, 34, 193, 19, 78, 166, 119, 185, 42, 113, 157, 171, 100, 126, 112,
          103, 0, 160, 37, 76, 14, 37, 168, 41, 24, 1, 52, 87, 0, 62, 4, 25, 152, 11;
              int(1..42)],
         [177, 171, 171, 31, 136, 115, 127, 154, 11, 152, 123, 162, 135, 10, 27, 151, 198, 148, 193, 141, 33, 9, 98,
          123, 52, 187, 94, 50, 58, 30, 19, 195, 29, 193, 135, 178, 62, 0, 78, 4, 104, 71;
              int(1..42)],
         [154, 108, 192, 158, 121, 69, 104, 129, 68, 47, 57, 35, 37, 38, 67, 12, 152, 192, 95, 37, 100, 143, 168, 165,
          138, 121, 152, 73, 175, 192, 102, 158, 26, 48, 72, 140, 4, 78, 0, 91, 68, 182;
              int(1..42)],
         [92, 141, 172, 38, 41, 143, 23, 39, 113, 44, 105, 123, 3, 54, 179, 18, 57, 81, 125, 16, 99, 144, 7, 163, 145,
          97, 89, 107, 149, 66, 176, 94, 22, 148, 144, 56, 25, 4, 91, 0, 189, 154;
              int(1..42)],
         [173, 55, 150, 49, 169, 66, 149, 72, 117, 137, 1, 120, 83, 170, 4, 43, 171, 121, 50, 137, 39, 72, 95, 151, 169,
          155, 169, 189, 103, 130, 28, 28, 174, 62, 97, 158, 152, 104, 68, 189, 0, 87;
              int(1..42)],
         [72, 177, 155, 128, 100, 34, 153, 141, 4, 197, 194, 171, 0, 87, 71, 163, 28, 107, 177, 138, 44, 87, 191, 88,
          197, 73, 163, 143, 95, 68, 145, 1, 40, 186, 35, 141, 11, 71, 182, 154, 87, 0;
              int(1..42)];
             int(1..42)]
$ Visualisation for conso
$   0  33 193 195 119  68  83  70 117 126 124  23  76  22  11  33 165  56  39  64 171  61  65 132  76  27  57  94  28  98  24  71   2  88  43 116 104 177 154  92 173  72
$  33   0 168 127  42  10   8  20  24  47 156 149  74  16 152 129  90 188 194 120 140  95 129   6  17  48  97 154  51  56  87 159 153 185  94 136  86 171 108 141  55 177
$ 193 168   0 104   1  30   9 119  71  27  62 174 112 144 151  49  91 182 193 187 142  62  28 104  82 152 178  43  37  56  65   1  27  26  20  21  90 171 192 172 150 155
$ 195 127 104   0   5 113  54  11  60 173 168  89  34 179  51 124 104   0 188 185 146  99  81  65 109  74 178  19  16 135  58  80  84  35 114 129 178  31 158  38  49 128
$ 119  42   1   5   0  41 195 163 187 165 130  76  63  82  69  84  44  91 194  84  32 142  43  28 188  92  30  24  60 167  16 100 125 108 198 171 105 136 121  41 169 100
$  68  10  30 113  41   0  77  38 106 107  49  98 177 165  74 178  18  94  55 168  18  72 111  60 120 165  45 136 198  33  21 154   9 175 140 143 175 115  69 143  66  34
$  83   8   9  54 195  77   0 184 138 174 177 119  27 122  89  14  17  69  86 161  10 171 127 170 160   6 122 196 198   4 131 164 155  62  94 135 173 127 104  23 149 153
$  70  20 119  11 163  38 184   0 126 177  63  91 157 169  93 152  94 174   2  96 114 105   8  43  71  19  63 117 102 141  48 152  79  31  71 147 130 154 129  39  72 141
$ 117  24  71  60 187 106 138 126   0 183 117 110 126 115 191  74  31  93  18 100  87  45 149  19  39 130 173 110 166 195 135   9 184 138 187  25  13  11  68 113 117   4
$ 126  47  27 173 165 107 174 177 183   0 155  55 194 150  59 152  30  61   5  54  97  67  65  45   0 115 133  85 191  87 138  43  93 191  76  24  34 152  47  44 137 197
$ 124 156  62 168 130  49 177  63 117 155   0  90 165  30   9  41  52  90 125 126 114  36  63 134 141  71 168  31 188  19  28  14 133 174 182  48 193 123  57 105   1 194
$  23 149 174  89  76  98 119  91 110  55  90   0  27 187  24 113  57 128 175  44  38  48  56 118  84  12  64   6   8 123 143 181  32 187   1  28  19 162  35 123 120 171
$  76  74 112  34  63 177  27 157 126 194 165  27   0 116 111 128   6  92 167  89  48 166 194 103  75  26  91  57  97  31 191 165  63 165 191  22  78 135  37   3  83   0
$  22  16 144 179  82 165 122 169 115 150  30 187 116   0 142  60 137 190 165 182 181 125 125  19  22 166 100  60 190  83 133  50 167  44  76  41 166  10  38  54 170  87
$  11 152 151  51  69  74  89  93 191  59   9  24 111 142   0  83  95  80  55   5 140 120  88 166 111  38  33 187  17  89 125  84 186 155 165 157 119  27  67 179   4  71
$  33 129  49 124  84 178  14 152  74 152  41 113 128  60  83   0  17 136   6  90   6 121 144 150 191   0  96 139   7 109  52  15  10  42 139 143 185 151  12  18  43 163
$ 165  90  91 104  44  18  17  94  31  30  52  57   6 137  95  17   0 101  13 125  60  75 116 131   7  76 166 159 132  86  48  16 154  27  74  72  42 198 152  57 171  28
$  56 188 182   0  91  94  69 174  93  61  90 128  92 190  80 136 101   0 137 105  31 113 142  35  87 126  55  61   4  96 187 183 108  41  40  16 113 148 192  81 121 107
$  39 194 193 188 194  55  86   2  18   5 125 175 167 165  55   6  13 137   0  18  76 124 157  88  92 115 135   5  51 108 107  64 136   9  27  53 157 193  95 125  50 177
$  64 120 187 185  84 168 161  96 100  54 126  44  89 182   5  90 125 105  18   0  32 130 160   2 185  89 139  47 111  67  64 160   3  14  22  16 171 141  37  16 137 138
$ 171 140 142 146  32  18  10 114  87  97 114  38  48 181 140   6  60  31  76  32   0  85 193   9 151 193 169 101 146  67 144  62  69 135  44 154 100  33 100  99  39  44
$  61  95  62  99 142  72 171 105  45  67  36  48 166 125 120 121  75 113 124 130  85   0 188 104 126 154  81  68 120 156 164 161  87  97  36 173 126   9 143 144  72  87
$  65 129  28  81  43 111 127   8 149  65  63  56 194 125  88 144 116 142 157 160 193 188   0  10  60  58 120 169 112 102  99 120 167 103  89  36 112  98 168   7  95 191
$ 132   6 104  65  28  60 170  43  19  45 134 118 103  19 166 150 131  35  88   2   9 104  10   0  76  79 135  10  57  65 124 158 144 187 140 118 103 123 165 163 151  88
$  76  17  82 109 188 120 160  71  39   0 141  84  75  22 111 191   7  87  92 185 151 126  60  76   0 101  93 114 180 170  67 104  31  78  23 171   0  52 138 145 169 197
$  27  48 152  74  92 165   6  19 130 115  71  12  26 166  38   0  76 126 115  89 193 154  58  79 101   0 107  35  37  79  68 173  63 174   0  42 160 187 121  97 155  73
$  57  97 178 178  30  45 122  63 173 133 168  64  91 100  33  96 166  55 135 139 169  81 120 135  93 107   0  49 181 131 117  94  18  73  19  32  37  94 152  89 169 163
$  94 154  43  19  24 136 196 117 110  85  31   6  57  60 187 139 159  61   5  47 101  68 169  10 114  35  49   0  80  78 194  45 145 182 178  63  76  50  73 107 189 143
$  28  51  37  16  60 198 198 102 166 191 188   8  97 190  17   7 132   4  51 111 146 120 112  57 180  37 181  80   0 163 141  33 136  60  44 168  14  58 175 149 103  95
$  98  56  56 135 167  33   4 141 195  87  19 123  31  83  89 109  86  96 108  67  67 156 102  65 170  79 131  78 163   0  74  45 174  63  61  22  37  30 192  66 130  68
$  24  87  65  58  16  21 131  48 135 138  28 143 191 133 125  52  48 187 107  64 144 164  99 124  67  68 117 194 141  74   0 134 133  49  59  77 168  19 102 176  28 145
$  71 159   1  80 100 154 164 152   9  43  14 181 165  50  84  15  16 183  64 160  62 161 120 158 104 173  94  45  33  45 134   0  23  69 113  17  41 195 158  94  28   1
$   2 153  27  84 125   9 155  79 184  93 133  32  63 167 186  10 154 108 136   3  69  87 167 144  31  63  18 145 136 174 133  23   0  94 198  72  24  29  26  22 174  40
$  88 185  26  35 108 175  62  31 138 191 174 187 165  44 155  42  27  41   9  14 135  97 103 187  78 174  73 182  60  63  49  69  94   0  35  25   1 193  48 148  62 186
$  43  94  20 114 198 140  94  71 187  76 182   1 191  76 165 139  74  40  27  22  44  36  89 140  23   0  19 178  44  61  59 113 198  35   0  28  52 135  72 144  97  35
$ 116 136  21 129 171 143 135 147  25  24  48  28  22  41 157 143  72  16  53  16 154 173  36 118 171  42  32  63 168  22  77  17  72  25  28   0  87 178 140  56 158 141
$ 104  86  90 178 105 175 173 130  13  34 193  19  78 166 119 185  42 113 157 171 100 126 112 103   0 160  37  76  14  37 168  41  24   1  52  87   0  62   4  25 152  11
$ 177 171 171  31 136 115 127 154  11 152 123 162 135  10  27 151 198 148 193 141  33   9  98 123  52 187  94  50  58  30  19 195  29 193 135 178  62   0  78   4 104  71
$ 154 108 192 158 121  69 104 129  68  47  57  35  37  38  67  12 152 192  95  37 100 143 168 165 138 121 152  73 175 192 102 158  26  48  72 140   4  78   0  91  68 182
$  92 141 172  38  41 143  23  39 113  44 105 123   3  54 179  18  57  81 125  16  99 144   7 163 145  97  89 107 149  66 176  94  22 148 144  56  25   4  91   0 189 154
$ 173  55 150  49 169  66 149  72 117 137   1 120  83 170   4  43 171 121  50 137  39  72  95 151 169 155 169 189 103 130  28  28 174  62  97 158 152 104  68 189   0  87
$  72 177 155 128 100  34 153 141   4 197 194 171   0  87  71 163  28 107 177 138  44  87 191  88 197  73 163 143  95  68 145   1  40 186  35 141  11  71 182 154  87   0

letting fuelMax be 16019
letting goldInHouse be
        [15, 17, 6, 1, 18, 10, 0, 1, 0, 0, 0, 0, 0, 0, 0, 0, 0, 0, 0, 0, 0, 0, 0, 0, 0, 0, 0, 0, 0, 0, 0, 0, 0, 0, 0, 0,
         0, 0, 0, 0, 0, 0;
             int(1..42)]
letting goldTotalAmount be 68
letting nbHouses be 42
